"1","
"
"1","$processed_data[[517]]
"
